6.883732857008689621e+01 -2.855941226018445604e+02 -1.000000000000000000e+00
9.029159148926785861e+01 3.457515282362242459e+01 -1.000000000000000000e+00
-9.023744123999999545e+01 4.730411354545140057e+00 1.000000000000000000e+00
-5.995049213310450398e+01 -4.448198680994481720e+02 -1.000000000000000000e+00
4.016895043319627234e+01 2.221215980743515672e+02 1.000000000000000000e+00
-9.897823224724002955e+01 -1.997641763815086051e+02 -1.000000000000000000e+00
-5.046635426099395261e+01 9.989980396512805783e+00 1.000000000000000000e+00
-3.199301160907461394e+01 -1.708694319859238533e+02 -1.000000000000000000e+00
9.566939700302572192e+01 -1.940917478447140070e+02 -1.000000000000000000e+00
1.676252376506104724e+01 2.133233175851849523e+02 1.000000000000000000e+00
2.528090535128499994e+01 -3.932122554087333128e+02 -1.000000000000000000e+00
-1.665759881326935954e+01 -4.010288350988053026e+02 -1.000000000000000000e+00
-8.496669121056163476e+01 3.138701490929119018e+02 1.000000000000000000e+00
-8.413157462919326690e+01 1.849196600652344955e+02 1.000000000000000000e+00
6.569302665049252710e+01 2.018088822225913077e+02 1.000000000000000000e+00
1.220688422702154696e+01 4.682780596784485851e+02 1.000000000000000000e+00
-1.638360788276071389e+01 -2.434479287454701364e+02 -1.000000000000000000e+00
-4.015732563109470732e+01 1.690428727964193172e+02 1.000000000000000000e+00
5.722731388019710153e+01 -3.398968026649475860e+02 -1.000000000000000000e+00
5.520502759925793157e+01 3.141436922041560820e+02 1.000000000000000000e+00
7.680512095182047005e+01 4.502616414828584084e+02 1.000000000000000000e+00
-4.868727347233227931e+01 -2.925480935811069116e+02 -1.000000000000000000e+00
-5.300123465310442583e+01 2.270258553718266796e+02 1.000000000000000000e+00
3.787016262551787804e-01 2.746016100863465681e+02 1.000000000000000000e+00
-1.071137691617332166e+01 4.754237488789181612e+02 1.000000000000000000e+00
4.391012155660754956e+01 -4.079594023688141533e+02 -1.000000000000000000e+00
-6.058995443132033643e+01 -4.321554383300938866e+02 -1.000000000000000000e+00
7.325095434507855430e+01 4.039700656083031163e+02 1.000000000000000000e+00
4.828408443208218159e+00 -6.156638672433743409e+01 -1.000000000000000000e+00
-9.921803122644450923e+01 -1.718503317550716929e+02 -1.000000000000000000e+00
-5.754849993038773448e+01 -5.338652991238400318e+02 -1.000000000000000000e+00
9.975893455233844520e+01 4.411346046664549476e+02 1.000000000000000000e+00
-1.408364691198036667e+01 -1.395822888409954032e+02 -1.000000000000000000e+00
8.757652436502510795e+01 5.475253740785292393e+02 1.000000000000000000e+00
8.506065320626652237e+01 4.705353009425897994e+02 1.000000000000000000e+00
2.754170355998523689e+01 -4.691919113856994272e+02 -1.000000000000000000e+00
-7.957716283821014258e+01 3.630763333356426301e+02 1.000000000000000000e+00
-4.016023270488424401e+01 -1.739756664414323097e+02 -1.000000000000000000e+00
-9.182090012557088698e+01 1.734376268396423768e+02 1.000000000000000000e+00
8.411605249733440814e+01 5.471916106234160679e+02 1.000000000000000000e+00
-5.313738336295141806e+01 3.728384123169798414e+01 1.000000000000000000e+00
3.118566445103886053e+01 -2.058931522075251053e+01 -1.000000000000000000e+00
-9.977578175287003148e+01 2.499619358538541292e+02 1.000000000000000000e+00
-8.118834525247240208e+01 1.751670626136914848e+02 1.000000000000000000e+00
1.899954779184291453e+01 -3.867718354292074423e+02 -1.000000000000000000e+00
3.593958378898284423e+01 -2.114987496852211848e+02 -1.000000000000000000e+00
-5.269562330211505952e+01 3.748553110924399903e+02 1.000000000000000000e+00
2.383767633620192328e+01 2.837916241683245175e+02 1.000000000000000000e+00
4.372442272753875159e+01 3.880958888191777874e+02 1.000000000000000000e+00
-2.208553316958878554e+01 -5.086630195961341769e+02 -1.000000000000000000e+00
1.236846767424341920e+01 7.646947778640003435e+01 1.000000000000000000e+00
-8.546106984078849678e+01 1.747878966664132747e+02 1.000000000000000000e+00
-1.554345754403459523e+01 3.921661813898226114e+02 1.000000000000000000e+00
7.943640225767629204e+01 2.728497711946417894e+02 1.000000000000000000e+00
4.109760851303678919e+01 1.950633449329548057e+02 1.000000000000000000e+00
-3.608796008439703229e+01 -4.146830454569317226e+02 -1.000000000000000000e+00
5.488450454989285276e+01 -3.838213401293514835e+02 -1.000000000000000000e+00
6.275929334130069037e+01 -2.714887589087439892e+02 -1.000000000000000000e+00
-8.098891654383149330e+01 -5.253566362276270638e+02 -1.000000000000000000e+00
-1.586530261122709362e+01 -4.149868138602197405e+02 -1.000000000000000000e+00
5.206887452616655310e+00 3.764246887409630062e+02 1.000000000000000000e+00
-9.440290717627888739e+00 1.041719037447257961e+02 1.000000000000000000e+00
-5.329090362284245685e+01 2.250590200622344241e+02 1.000000000000000000e+00
7.294472750238000458e+00 4.483823622866595997e+02 1.000000000000000000e+00
-9.172786647573678920e+01 -1.766195141500161583e+02 -1.000000000000000000e+00
4.886266386661415595e+01 2.736619569653112762e+02 1.000000000000000000e+00
-2.453418227741970270e+01 1.926240688824433391e+02 1.000000000000000000e+00
7.574186717231640387e+01 -2.601894336230349722e+02 -1.000000000000000000e+00
6.946207252006314548e+01 5.022466021805583409e+02 1.000000000000000000e+00
2.889928613950004888e+01 4.537610299760183352e+02 1.000000000000000000e+00
3.221646258608967628e+01 -2.836433665267229571e+02 -1.000000000000000000e+00
-5.406433248655193324e+01 3.060549922848624647e+02 1.000000000000000000e+00
7.224964997314532411e+01 -3.623684416835981210e+02 -1.000000000000000000e+00
-1.527015064537155808e+01 -1.477361949721540384e+02 -1.000000000000000000e+00
3.582112609111695178e+01 2.311385173744178871e+02 1.000000000000000000e+00
6.637603458109691701e+01 -2.028062506953469324e+01 -1.000000000000000000e+00
7.312527403273509208e+01 -2.986791109027968218e+02 -1.000000000000000000e+00
9.130810747482496481e+01 1.456754864421673972e+02 1.000000000000000000e+00
3.896738055016626845e+00 -9.912301701839328416e+01 -1.000000000000000000e+00
3.407221128937024446e+01 -1.210264388520542695e+02 -1.000000000000000000e+00
-7.669730984507469884e+01 -2.990561281555623054e+02 -1.000000000000000000e+00
-4.109863113683130109e+01 -1.578336806769511327e+02 -1.000000000000000000e+00
1.282040655059795142e+01 4.772566282005156495e+02 1.000000000000000000e+00
9.071542770860108362e+01 -7.448394291264671097e+01 -1.000000000000000000e+00
-2.789426061379262478e+01 -2.673355109474551909e+02 -1.000000000000000000e+00
-3.522418938224657836e+01 3.838104734617406848e+02 1.000000000000000000e+00
8.768118813430027103e+01 2.551491248024510696e+02 1.000000000000000000e+00
8.275163474488388715e+01 1.773581443268893452e+02 1.000000000000000000e+00
-1.581431902687518232e+01 -3.213890277712653756e+02 -1.000000000000000000e+00
-6.572425622677437218e+01 -4.049761596443992175e+02 -1.000000000000000000e+00
-6.521505368278302228e+01 3.451721969207088136e+02 1.000000000000000000e+00
8.352836982853756354e+01 -3.850093602630339547e+02 -1.000000000000000000e+00
-4.729369981230604481e+01 -3.219472862768776622e+02 -1.000000000000000000e+00
-4.356642838661639416e+01 2.860463406162872388e+02 1.000000000000000000e+00
7.650689372813766909e+01 1.924763401722715912e+02 1.000000000000000000e+00
2.323162596521264334e+01 3.379135244525966755e+02 1.000000000000000000e+00
5.069769944696287212e+01 3.477816767367512512e+02 1.000000000000000000e+00
5.342110064296073801e+01 -9.143393664461066805e+01 -1.000000000000000000e+00
1.543873219999952084e+00 -2.693966253508147588e+02 -1.000000000000000000e+00
-3.669135665602114216e+01 -4.458784888006841243e+02 -1.000000000000000000e+00
-9.834341505126636207e+01 2.438337158107989069e+02 1.000000000000000000e+00
-7.879901313550703890e+01 -3.266586835009299534e+02 -1.000000000000000000e+00
-5.752838581396739670e+01 2.842408856630043488e+02 1.000000000000000000e+00
-6.315940403220565713e+00 -1.146347757868576309e+02 -1.000000000000000000e+00
5.528916165813265593e+01 5.316521673796952427e+02 1.000000000000000000e+00
9.041426233503483445e+01 5.789407532020672988e+02 1.000000000000000000e+00
1.830514580022182258e+01 -1.415098112906966890e+02 -1.000000000000000000e+00
-1.275037386336555301e+01 2.323398725628493366e+02 1.000000000000000000e+00
-9.012057908559154384e+01 3.467182671033011161e+02 1.000000000000000000e+00
3.789513730555427173e+00 -1.449574045221186793e+02 -1.000000000000000000e+00
6.216669271420389009e+01 -1.570052589414951001e+02 -1.000000000000000000e+00
4.885764758485618131e+01 3.657318363072191687e+02 1.000000000000000000e+00
-5.408570045571732265e+01 1.848637600143666759e+02 1.000000000000000000e+00
3.672817854102333968e+01 -3.156214962325313422e+01 -1.000000000000000000e+00
3.999687449299528907e+00 3.994027680878251658e+02 1.000000000000000000e+00
-3.771357498540737652e+00 9.166566273282174393e+01 1.000000000000000000e+00
-9.417708317779953120e+01 -4.692646743212241063e+02 -1.000000000000000000e+00
3.597060154759171269e+01 -3.054965803868333296e+01 -1.000000000000000000e+00
-7.231071488943592840e+01 -1.665659797111018747e+00 1.000000000000000000e+00
-6.836512973253962855e+01 -2.240223929056180054e+02 -1.000000000000000000e+00
-3.319533737480924174e-01 4.395400115597630588e+02 1.000000000000000000e+00
-8.613382610633595959e+01 -1.037535632055180201e+01 1.000000000000000000e+00
1.417394522058205553e+01 2.497284761187292759e+02 1.000000000000000000e+00
-1.191253538259751110e+01 1.449665404440839325e+02 1.000000000000000000e+00
-6.825186148809116560e+01 2.906818853303482229e+02 1.000000000000000000e+00
4.148509477320340011e+01 -2.618737898510383957e+02 -1.000000000000000000e+00
8.222216416478050860e+01 4.267462926083602497e+02 1.000000000000000000e+00
-5.880158537374404659e+01 1.760947247771483433e+02 1.000000000000000000e+00
7.940876495407653124e+01 3.788750158765419656e+02 1.000000000000000000e+00
7.504362324780205995e+01 -7.047685213620550826e+01 -1.000000000000000000e+00
9.060096054364834117e+01 -3.558801796378230051e+02 -1.000000000000000000e+00
-8.036860734231623837e+00 2.044213699338682488e+02 1.000000000000000000e+00
-1.659543819355377536e+00 4.776075969106045704e+02 1.000000000000000000e+00
-1.118373169897913044e+01 -2.911098512886495655e+02 -1.000000000000000000e+00
9.727479779309106789e+01 1.538306437306795260e+02 1.000000000000000000e+00
-3.437104311795893352e+01 -5.225217430633452977e+02 -1.000000000000000000e+00
3.739120131321942608e+01 1.419649202429430943e+02 1.000000000000000000e+00
-3.014063996700402015e+01 2.811986676606983906e+02 1.000000000000000000e+00
-4.798140596464621410e+01 1.093186356630438496e+02 1.000000000000000000e+00
-7.560862364235245536e+01 -3.575428610147100699e+02 -1.000000000000000000e+00
-8.797406355010947721e+01 3.417282801860101813e+02 1.000000000000000000e+00
6.029326535081506222e+01 3.078265486378580817e+02 1.000000000000000000e+00
-2.956643411918469155e+01 6.208183835808102913e+01 1.000000000000000000e+00
-1.137007796859080599e+00 4.611123297430970069e+02 1.000000000000000000e+00
6.388861953489265488e+01 2.842059783719894313e+02 1.000000000000000000e+00
-1.873219255029945884e+01 -3.360026031784783527e+02 -1.000000000000000000e+00
8.088088996531749331e+01 -3.089884990870008323e+02 -1.000000000000000000e+00
-8.275992857735714381e+01 -5.261981502925010545e+02 -1.000000000000000000e+00
6.144424267929991856e+01 -1.761434036910422378e+02 -1.000000000000000000e+00
3.313038970241839820e+01 -3.717578633540935016e+02 -1.000000000000000000e+00
-6.580668337199828954e+01 -4.290410495361781500e+02 -1.000000000000000000e+00
-3.719047732194016476e+01 3.742897169948955707e+02 1.000000000000000000e+00
7.059649561406516227e+00 3.831618433273633286e+02 1.000000000000000000e+00
1.187817678143017019e+01 -1.842529003120508833e+02 -1.000000000000000000e+00
-8.247125339462337479e+01 3.492031657338875448e+02 1.000000000000000000e+00
3.418842039397895860e+01 4.441277520835969312e+02 1.000000000000000000e+00
-1.485551016936295810e+01 1.669789610710632815e+02 1.000000000000000000e+00
8.760994017327283245e+01 6.830450537995915283e+00 -1.000000000000000000e+00
-8.670925509018354660e+01 -1.808583943040794395e+01 1.000000000000000000e+00
2.815897096368124153e+01 -1.115564822523744226e+02 -1.000000000000000000e+00
9.895402445269002101e+01 -2.662696336297731250e+02 -1.000000000000000000e+00
-6.434495524771128316e+01 2.851339652405562219e+02 1.000000000000000000e+00
8.993450205550126952e+01 3.585561503076361305e+02 1.000000000000000000e+00
5.857036131016252511e+01 2.453038369548887658e+02 1.000000000000000000e+00
8.401759115366684227e+01 3.650830258931799222e+02 1.000000000000000000e+00
9.305413961440342518e+01 -2.170036554252314431e+02 -1.000000000000000000e+00
6.045559860142529374e+01 7.602482135485246317e+00 -1.000000000000000000e+00
-5.260352932323122133e+01 -1.460128634610567246e+02 -1.000000000000000000e+00
2.762920802006874510e+01 3.568349809696646275e+02 1.000000000000000000e+00
-2.179801946198149665e+01 6.447791201375393655e+01 1.000000000000000000e+00
4.828908215887162214e+01 1.591963117778670664e+02 1.000000000000000000e+00
-9.291480156989911166e+01 1.479447161356015101e+02 1.000000000000000000e+00
6.495761641699303368e+01 1.953178858846749222e+02 1.000000000000000000e+00
-8.670871100001733112e+01 7.427732451195737440e+01 1.000000000000000000e+00
4.981957089310128595e+00 -1.982218972300759674e+02 -1.000000000000000000e+00
5.195104106714379100e+01 -1.364958196304247906e+02 -1.000000000000000000e+00
4.161508253721132178e+01 4.967210770158919786e+02 1.000000000000000000e+00
-8.318942219967316021e+01 -3.910020869182283718e+02 -1.000000000000000000e+00
8.451282005353249360e+00 6.779447079566739376e+01 1.000000000000000000e+00
-1.487794239488952996e+01 -7.217507294541456986e+01 -1.000000000000000000e+00
3.477091330202327413e+01 2.612280642542486362e+02 1.000000000000000000e+00
6.835618188180546895e+01 -2.632211157023637043e+02 -1.000000000000000000e+00
9.045389270760202294e+01 5.555720635933051881e+02 1.000000000000000000e+00
-1.891016885935341918e+01 7.498586150806910666e+01 1.000000000000000000e+00
-1.123194981166368223e+01 -1.314399415639264532e+02 -1.000000000000000000e+00
-3.078798808470462234e+01 -4.159231795384154680e+02 -1.000000000000000000e+00
-1.314011950537030771e+01 3.675762766654246434e+02 1.000000000000000000e+00
-3.706716927617392798e+00 4.019616673777766778e+02 1.000000000000000000e+00
3.398311905800167665e+01 1.351696501856037287e+02 1.000000000000000000e+00
3.520330135742196376e+01 4.897383978055862599e+02 1.000000000000000000e+00
-2.816678193353270387e+01 -5.073477109653802586e+02 -1.000000000000000000e+00
7.554758072680050418e+01 -6.086329132638536521e+01 -1.000000000000000000e+00
2.430117849782469364e+01 -5.305661023909270568e+01 -1.000000000000000000e+00
-4.039099953234306639e+01 2.367393853152668726e+02 1.000000000000000000e+00
-1.143319843322659324e+01 2.114507155638501672e+02 1.000000000000000000e+00
-3.407915153382768381e+01 3.441634223767307503e+02 1.000000000000000000e+00
5.767920222030213040e+00 -1.356159852102877039e+02 -1.000000000000000000e+00
-6.916614994274877404e+01 -2.860664262628382630e+02 -1.000000000000000000e+00
-2.792003670750592903e+01 2.403218087719283176e+02 1.000000000000000000e+00
9.628016027073033456e+01 5.708085412617856491e+02 1.000000000000000000e+00
3.586306969422159341e+01 -5.770880444257856823e+01 -1.000000000000000000e+00
9.873407296790952614e+01 4.683801127323265518e+02 1.000000000000000000e+00
1.343519520125053646e+01 1.037147554666665314e+02 1.000000000000000000e+00
-7.900852903460130960e+01 2.778184913650180761e+02 1.000000000000000000e+00
3.383941440137186873e+01 5.286256640971255365e+02 1.000000000000000000e+00
-4.154733768675746575e+01 2.188559072411907493e+02 1.000000000000000000e+00
6.983760890240804997e+01 4.403109599516667458e+02 1.000000000000000000e+00
-9.583944304854028928e+00 2.333651156276143865e+02 1.000000000000000000e+00
4.721859670700578704e+01 -1.614227113149394199e+02 -1.000000000000000000e+00
1.827340732032429571e+01 4.386793189039913727e+02 1.000000000000000000e+00
1.521565838526215941e+01 -2.611818334645509481e+02 -1.000000000000000000e+00
-4.547193554254506864e+01 1.957862423554104225e+01 1.000000000000000000e+00
2.974033693643855258e+01 -2.049288028135514423e+02 -1.000000000000000000e+00
1.653301702884257907e+01 4.017914177641977176e+02 1.000000000000000000e+00
-8.036955090864850604e+01 -1.449340168209228068e+02 -1.000000000000000000e+00
-6.417228287996715608e+01 6.465947073734989203e+01 1.000000000000000000e+00
-3.457271926903149506e+01 2.365267707354245204e+02 1.000000000000000000e+00
6.514797463903505559e-01 1.803231844852903123e+02 1.000000000000000000e+00
-8.713743073656914362e+01 1.117439877394130576e+02 1.000000000000000000e+00
-4.094202313208307942e+01 1.792398916156961377e+02 1.000000000000000000e+00
-1.997890882784128053e+01 -4.130632064439134865e+02 -1.000000000000000000e+00
-6.827675454923614495e+01 4.058326066706987945e+01 1.000000000000000000e+00
-5.071537852109084810e+01 4.144068822306253992e+02 1.000000000000000000e+00
-8.507720110716705619e+01 -3.027907191001959859e+02 -1.000000000000000000e+00
2.645173170030483334e+01 4.999666591674792357e+02 1.000000000000000000e+00
-4.738570224343554571e+01 -4.888453026121615039e+02 -1.000000000000000000e+00
7.762342203100612892e+01 4.509734516315663768e+02 1.000000000000000000e+00
9.449835574176634623e+01 2.013373456393964034e+00 -1.000000000000000000e+00
-8.475538048304602512e+01 3.196720780529454942e+02 1.000000000000000000e+00
9.253468169503759100e+01 -3.876324590600906390e+02 -1.000000000000000000e+00
9.052583082050463759e+01 2.069288542666514275e+01 -1.000000000000000000e+00
1.475316639232791260e+01 -3.573102367485243462e+02 -1.000000000000000000e+00
6.106141352785556364e+00 2.126828854974955902e+02 1.000000000000000000e+00
6.736745147139421874e+01 2.942982207861197708e+02 1.000000000000000000e+00
2.326067595628408924e+01 -3.143217952087045433e+02 -1.000000000000000000e+00
-2.892233384851488154e+01 4.101259778720393001e+01 1.000000000000000000e+00
-6.175584315656532652e+01 3.613106040855051901e+02 1.000000000000000000e+00
-1.303635727196244432e+01 -2.059896217761620392e+02 -1.000000000000000000e+00
-4.351053627386369982e+01 -2.666162491870201166e+02 -1.000000000000000000e+00
1.967867496084987522e+01 4.883547773558817084e+02 1.000000000000000000e+00
-3.739474526660375631e+01 1.788187334548889567e+02 1.000000000000000000e+00
-4.489792908891310219e+01 -4.919209593387330983e+02 -1.000000000000000000e+00
5.520695516086036037e+01 -1.758700305121486451e+01 -1.000000000000000000e+00
-2.606841515736704196e+01 2.764584224969754018e+02 1.000000000000000000e+00
-1.829098283328652030e+01 1.338963202481676831e+02 1.000000000000000000e+00
7.934603061393846701e+01 4.255511460934001207e+02 1.000000000000000000e+00
-3.032875316994403647e+01 -3.772663818284982540e+02 -1.000000000000000000e+00
3.833248712239705469e+01 1.860082522391403188e+02 1.000000000000000000e+00
-1.009626870447704050e+00 -4.369962439380487922e+02 -1.000000000000000000e+00
4.138821261181715272e+01 -1.185066850695862399e+02 -1.000000000000000000e+00
-7.482301966532445192e+01 -3.364945002211616725e+02 -1.000000000000000000e+00
-6.674272237081254389e+01 2.032603353768414536e+02 1.000000000000000000e+00
-3.206139244924619902e+01 -2.251610941692963479e+02 -1.000000000000000000e+00
-8.932322685448426114e+01 2.585558400211797334e+02 1.000000000000000000e+00
-6.630297681630692352e+01 3.935203923359557052e+02 1.000000000000000000e+00
-6.294127275252463960e+00 7.317992366438133445e+01 1.000000000000000000e+00
-9.403657653871960065e+00 -2.975611500358656940e+02 -1.000000000000000000e+00
-8.999576954552907182e+00 3.106790191051895818e+02 1.000000000000000000e+00
7.268393643823236516e+01 3.066760701426103424e+02 1.000000000000000000e+00
5.725926519370489132e+00 -5.564130505049966757e+01 -1.000000000000000000e+00
-1.265546525239724929e+01 -9.175121799820954038e+01 -1.000000000000000000e+00
-7.615742316739586215e+01 1.582633186233528022e+02 1.000000000000000000e+00
-2.695700374559839929e+01 -4.275344547102516231e+02 -1.000000000000000000e+00
4.807560573719311492e+01 -1.770927043811153112e+02 -1.000000000000000000e+00
3.539131236287403226e+00 3.877684142449173237e+02 1.000000000000000000e+00
2.739718596052631483e+01 4.916796963800783828e+02 1.000000000000000000e+00
4.295267131318198039e+01 -8.313011977810852215e+01 -1.000000000000000000e+00
-3.736336108806583667e+01 -1.427870949440714128e+02 -1.000000000000000000e+00
4.659685549696968110e+01 -2.937085527912832958e+02 -1.000000000000000000e+00
1.722728811747215616e+01 1.070840970659703970e+02 1.000000000000000000e+00
3.804870669024390395e+01 -5.859072241094406763e+01 -1.000000000000000000e+00
-6.250475666284087595e+01 -4.719086734123733322e+02 -1.000000000000000000e+00
-9.031238905486058854e+01 -3.469742306391493116e+02 -1.000000000000000000e+00
-8.529164270214629084e+01 -3.643155238945832934e+02 -1.000000000000000000e+00
2.566117566897025881e+01 4.063963918803067372e+02 1.000000000000000000e+00
9.235687820772739087e+01 -6.451672779466974816e+01 -1.000000000000000000e+00
5.843047678567734238e+01 -1.454143234101846360e+02 -1.000000000000000000e+00
-9.167032561594527351e+01 -4.078908092291796947e+02 -1.000000000000000000e+00
6.653189266338895891e+01 2.479027448707102792e+02 1.000000000000000000e+00
-4.066738625308594379e+01 -2.622703136705797533e+02 -1.000000000000000000e+00
8.054427136580704882e+01 2.991150183546252492e+02 1.000000000000000000e+00
2.901729461947581967e+01 -3.941886611190287795e+02 -1.000000000000000000e+00
3.370830545440378501e+01 4.896810259348856675e+02 1.000000000000000000e+00
7.719848145941730877e+01 2.792217831541189526e+02 1.000000000000000000e+00
4.729370830224129918e+01 -4.399486687618129110e+01 -1.000000000000000000e+00
-4.365090162754987801e+01 4.557144180145618293e+02 1.000000000000000000e+00
3.581967051797246882e+01 -3.997917957757702823e+01 -1.000000000000000000e+00
9.180536850301191976e+01 5.713944530009498521e+02 1.000000000000000000e+00
-8.276415559874823202e+01 5.379707020226572922e+01 1.000000000000000000e+00
9.622100394243835808e+01 5.249607172321658481e+02 1.000000000000000000e+00
9.307862971045074119e+01 2.791201363766899703e+02 1.000000000000000000e+00
-6.361319819065614212e+01 5.940359978627505910e+01 1.000000000000000000e+00
-5.926160171502754537e+01 4.281224936561837779e+01 1.000000000000000000e+00
5.582692045798194158e+01 -8.154063699503836915e+01 -1.000000000000000000e+00
7.023693478037066029e+01 4.330954478859351866e+02 1.000000000000000000e+00
4.915596701211691766e+01 3.182371493031645286e+02 1.000000000000000000e+00
5.598647267539831773e+01 -6.506397882342429284e+01 -1.000000000000000000e+00
-5.004033895323640735e+01 -4.025879223159439562e+02 -1.000000000000000000e+00
7.287385693837708800e+01 3.375169695089034576e+02 1.000000000000000000e+00
-6.306691878763601267e+00 -1.875459484782825825e+02 -1.000000000000000000e+00
-1.551102845854133250e+01 -3.449551593337199620e+02 -1.000000000000000000e+00
9.212803657912456856e+01 3.497500371941089270e+02 1.000000000000000000e+00
8.851700279452086306e+01 -8.138125376338666683e+01 -1.000000000000000000e+00
8.441686416164952789e+01 -2.891706382277716330e+02 -1.000000000000000000e+00
3.440086295183371590e+01 -4.166056408778227933e+02 -1.000000000000000000e+00
-8.541554563784924881e+01 -3.696851984487452683e+02 -1.000000000000000000e+00
-6.180697805808803480e+01 1.240728351487317838e+02 1.000000000000000000e+00
3.530042928897131560e+01 3.250167993433196330e+02 1.000000000000000000e+00
-6.936508289225031376e+01 2.223446798032873630e+02 1.000000000000000000e+00
2.334463940169439411e+01 3.690981940854363188e+02 1.000000000000000000e+00
1.948320302985446517e+01 2.845954484779372251e+02 1.000000000000000000e+00
-9.650763748228597194e+01 1.781821598471930770e+02 1.000000000000000000e+00
-3.270529995200308804e+01 -2.663676205777998689e+02 -1.000000000000000000e+00
-5.689141085090525252e+01 3.455053411907640566e+02 1.000000000000000000e+00
-8.658382147339700907e+01 -4.690786707525871861e+02 -1.000000000000000000e+00
8.638954497972267177e+01 -5.157184474866332380e+01 -1.000000000000000000e+00
6.993762660778085660e+01 4.525565488710585669e+02 1.000000000000000000e+00
8.130185663193600476e+01 -2.613524197045298365e+02 -1.000000000000000000e+00
-6.138434081223437033e+00 2.228909048400987274e+02 1.000000000000000000e+00
-5.338508508889427873e+01 5.826544063360400827e+01 1.000000000000000000e+00
1.517062566206932672e+01 -4.461500736969499599e+02 -1.000000000000000000e+00
8.989826098134017229e+01 3.138030949663279898e+02 1.000000000000000000e+00
3.981478372174811398e+01 -2.971452650395642650e+02 -1.000000000000000000e+00
-2.692164601834217308e+01 -4.024819934845135094e+02 -1.000000000000000000e+00
6.833156965815646799e+01 -3.619046514832539856e+02 -1.000000000000000000e+00
4.475635358543209463e+01 2.142830641807760799e+02 1.000000000000000000e+00
2.377511693996324027e+01 4.298749307561839714e+02 1.000000000000000000e+00
4.550780101202937544e+01 1.014302727119768122e+02 1.000000000000000000e+00
3.622393103014172766e+01 2.217348067532718119e+02 1.000000000000000000e+00
1.072236645920285980e+01 1.470315007522675046e+02 1.000000000000000000e+00
9.529753802310628430e+01 -3.799734216109285398e+02 -1.000000000000000000e+00
-9.553695314178595765e+01 2.829405368200065709e+02 1.000000000000000000e+00
7.549976626463606522e+01 4.660829214119638664e+02 1.000000000000000000e+00
2.908734015824742869e+01 3.331621496621087317e+02 1.000000000000000000e+00
-9.802972744494107360e+01 -4.462132871743583564e+02 -1.000000000000000000e+00
-4.813769325607015759e+01 4.378295169371153861e+02 1.000000000000000000e+00
2.982432907360518470e+01 4.110994115108741198e+02 1.000000000000000000e+00
-6.894477025965555583e+01 -4.734330084166111874e+02 -1.000000000000000000e+00
9.616282301275413147e+01 -1.085227013719664058e+02 -1.000000000000000000e+00
4.567767053273300348e+01 3.174325894146745668e+02 1.000000000000000000e+00
6.410536006220954164e+01 4.840951509484262942e+02 1.000000000000000000e+00
6.162646032910294025e+01 -3.181909107551975922e+02 -1.000000000000000000e+00
5.300372439007600178e+01 -3.050876608709478433e+02 -1.000000000000000000e+00
6.437774179583652767e+01 1.485784741848050317e+00 -1.000000000000000000e+00
3.560152372191836889e+01 -2.061669256526532479e+02 -1.000000000000000000e+00
3.397671664017906323e+01 4.321854186600981507e+02 1.000000000000000000e+00
6.781560844022232004e+01 2.480961352198793008e+02 1.000000000000000000e+00
-4.166966542227044101e-01 3.653597864314258459e+02 1.000000000000000000e+00
-9.013519151033592891e+01 -5.880286764632668337e+02 -1.000000000000000000e+00
-8.536905184920615852e+01 -4.733906906473830531e+02 -1.000000000000000000e+00
-1.058663547896658486e+01 4.341187751426208479e+02 1.000000000000000000e+00
-1.350078149808679484e+01 -3.031404343825022920e+02 -1.000000000000000000e+00
-9.750863332084750823e+01 -2.371291431426637075e+02 -1.000000000000000000e+00
-1.045767276659063327e+00 -3.113913923651145979e+02 -1.000000000000000000e+00
9.880357147259354633e+01 -2.870656239550566511e+02 -1.000000000000000000e+00
9.887511258212842336e+01 4.221623920231779721e+02 1.000000000000000000e+00
-7.450578953258457204e+01 3.980655452720822609e+02 1.000000000000000000e+00
-1.674963256119694677e+01 -3.598771587582912161e+02 -1.000000000000000000e+00
2.204780266016406642e+01 3.981593818401687486e+02 1.000000000000000000e+00
2.937774834916936584e+01 -4.026802870796366278e+02 -1.000000000000000000e+00
6.855688004912252609e-01 -1.820659067268336457e+02 -1.000000000000000000e+00
-4.376598359193300070e+01 -3.737174714353093350e+02 -1.000000000000000000e+00
2.081319613645366928e+01 -4.819052962618570746e+01 -1.000000000000000000e+00
-5.780732610164642438e+01 1.550033756842738342e+01 1.000000000000000000e+00
1.266899307843823408e+01 1.621675263098679807e+02 1.000000000000000000e+00
7.518712450580898121e+01 -3.417361101335654325e+02 -1.000000000000000000e+00
2.889801247110713689e+01 -4.681587055175912155e+02 -1.000000000000000000e+00
-8.366116981123164464e+01 -3.243438681745593755e+01 1.000000000000000000e+00
4.571873468589319600e+01 2.043167239835974556e+02 1.000000000000000000e+00
-9.401806687718445232e+01 -2.292653948102267236e+01 1.000000000000000000e+00
1.827573038181478182e+01 1.430961978660273246e+02 1.000000000000000000e+00
6.870799140588241016e+01 -2.107766268545319122e+02 -1.000000000000000000e+00
-1.785619104745870800e+01 -2.878195085693421333e+02 -1.000000000000000000e+00
4.940504996750206601e+01 2.148712012044314861e+02 1.000000000000000000e+00
-9.997466994714707766e+01 -5.843716584056456895e+02 -1.000000000000000000e+00
-9.563634046707718994e+01 -2.927769234249456076e+02 -1.000000000000000000e+00
4.713674957781680064e+01 -4.330567420693523673e+02 -1.000000000000000000e+00
7.848227857580582167e+01 2.872267312757020932e+02 1.000000000000000000e+00
6.576572077743423961e+01 2.203519519858068634e+02 1.000000000000000000e+00
2.314735978210966039e+01 -8.326584887029402182e+01 -1.000000000000000000e+00
1.580506587264365237e+01 1.694420553181395803e+02 1.000000000000000000e+00
-3.941532111916499304e+01 4.174340850232131857e+02 1.000000000000000000e+00
-1.029488030346021787e+01 4.431462064920171997e+02 1.000000000000000000e+00
3.169275918208995790e-01 -9.463521188319040789e+01 -1.000000000000000000e+00
-3.180762014799027781e+01 3.737599292772238186e+02 1.000000000000000000e+00
1.753392748725973149e+01 -1.913405301990179623e+02 -1.000000000000000000e+00
-9.653600287202519326e+01 -3.493989033589476207e+02 -1.000000000000000000e+00
-8.996527303598315939e+01 -2.357191948857058605e+02 -1.000000000000000000e+00
-7.985045230210563716e+01 3.867633438258886827e+02 1.000000000000000000e+00
-2.682609531848714823e+01 -1.067569452054557360e+02 -1.000000000000000000e+00
7.703342902681981741e+00 1.898025126201142427e+02 1.000000000000000000e+00
8.259156761384477363e+01 4.638919040401212897e+02 1.000000000000000000e+00
-2.827629970098904266e+01 1.396063144885241627e+02 1.000000000000000000e+00
6.770546244596536667e+01 1.587154169665062113e+02 1.000000000000000000e+00
8.131763349744787206e+01 -2.441207627241049352e+02 -1.000000000000000000e+00
-6.875855719537449318e+01 -5.059417890492071592e+02 -1.000000000000000000e+00
-1.030276446673805424e+01 -3.917735525820717726e+02 -1.000000000000000000e+00
-8.692984760239374964e+01 4.112982186963768072e+02 1.000000000000000000e+00
7.310583138781160528e+01 1.288411288306349434e+02 1.000000000000000000e+00
5.650117925130189178e+00 -1.370862940484702222e+02 -1.000000000000000000e+00
8.656506456213651290e+01 2.105413420133201612e+02 1.000000000000000000e+00
5.686329925473020808e+01 2.871221781570864664e+02 1.000000000000000000e+00
-4.984458566264564894e+01 3.121505472428437997e+02 1.000000000000000000e+00
3.010968885399739747e+01 1.527934324097620049e+02 1.000000000000000000e+00
8.497392497422026736e+00 -2.990357582248515769e+02 -1.000000000000000000e+00
-7.604883925646090859e+01 -3.858019136878087920e+02 -1.000000000000000000e+00
-3.585493791248892137e+01 4.049236790826262791e+02 1.000000000000000000e+00
6.889572258663690718e+01 2.121465087803964593e+02 1.000000000000000000e+00
-7.931185420906359695e+01 1.391801793885003917e+02 1.000000000000000000e+00
4.818251341182826764e+01 3.629476316445056341e+02 1.000000000000000000e+00
9.591504832709878769e+01 2.789567640216443465e+02 1.000000000000000000e+00
-8.848490629429134913e+01 3.362133656192058879e+02 1.000000000000000000e+00
7.057347779846040225e+00 -1.646499334641693508e+02 -1.000000000000000000e+00
9.780615439459788263e+01 4.855058602173025974e+02 1.000000000000000000e+00
7.885090161560540878e+01 3.443606433755513763e+02 1.000000000000000000e+00
8.532880801711152685e+01 -1.416677709246747554e+02 -1.000000000000000000e+00
6.755222529807684850e+01 -4.099811302732587137e+01 -1.000000000000000000e+00
-2.859779685267666594e+01 1.430735752362191988e+02 1.000000000000000000e+00
-6.982870618381006977e+01 -3.549668436406200271e+02 -1.000000000000000000e+00
-2.491056860861590394e+00 3.780274328912887540e+02 1.000000000000000000e+00
2.840793518293446596e+01 -4.543811757403966567e+01 -1.000000000000000000e+00
-2.676383116759083691e+00 1.091203361254732584e+02 1.000000000000000000e+00
6.050071427198909646e+01 1.715943003586585291e+02 1.000000000000000000e+00
-6.695983535045499480e+01 3.006040537504219401e+00 1.000000000000000000e+00
-7.011579824063782951e+01 1.676763512682788928e+02 1.000000000000000000e+00
-7.019139519065127786e+01 3.686766976001040916e+02 1.000000000000000000e+00
8.753643943807506389e+01 -3.038305123013795992e+02 -1.000000000000000000e+00
4.806885171764926667e+01 -4.501512497008545211e+01 -1.000000000000000000e+00
4.341974355684530451e+01 3.116680800059936018e+02 1.000000000000000000e+00
-1.732948519623589334e+01 -2.795376137228785751e+02 -1.000000000000000000e+00
-7.287605030979140963e+01 6.328360738375600647e+01 1.000000000000000000e+00
-8.268755574655237695e+01 -5.544932357401485206e+02 -1.000000000000000000e+00
-5.961173388582454891e+01 1.065715347982572894e+02 1.000000000000000000e+00
-5.689279349351480164e+00 -6.682825013283975579e+01 -1.000000000000000000e+00
-9.852349308263099203e+01 -3.245386893697242385e+02 -1.000000000000000000e+00
6.526704526881715651e+01 2.157832697517224290e+02 1.000000000000000000e+00
7.690939191359069582e+01 5.751245786826312951e+02 1.000000000000000000e+00
-9.976535952096192261e+01 2.420719742755819652e+02 1.000000000000000000e+00
8.765249837012015632e+01 -1.335105826725155111e+02 -1.000000000000000000e+00
-8.501173116436812904e+01 -3.325985481118187863e+02 -1.000000000000000000e+00
-6.807070485641617097e+01 3.904373473482849590e+02 1.000000000000000000e+00
-2.274714202503498939e+01 1.663189974372542110e+02 1.000000000000000000e+00
-8.446804928062178419e+00 -3.789322907107578544e+02 -1.000000000000000000e+00
-2.565691275336506294e+01 2.930445204291565346e+02 1.000000000000000000e+00
4.932703960919795350e+01 -1.203210743048388451e+02 -1.000000000000000000e+00
1.847877004482094776e+01 1.453525105288799750e+02 1.000000000000000000e+00
7.227146140374017591e+01 5.465820566249300327e+02 1.000000000000000000e+00
-5.386433993393497843e+01 3.622839947880855220e+02 1.000000000000000000e+00
-9.120249416831423162e+01 1.677080920529548962e+02 1.000000000000000000e+00
3.043409643368099182e+01 4.583194759654395511e+02 1.000000000000000000e+00
-3.777790751579568251e+01 -3.201435611023419483e+02 -1.000000000000000000e+00
2.160629637551294024e+01 -2.722283085175909605e+02 -1.000000000000000000e+00
5.381521612913675767e+01 3.194172834392014693e+02 1.000000000000000000e+00
5.441064350120223025e+01 -2.209460799888715883e+02 -1.000000000000000000e+00
-1.086342949348717468e+01 -4.450522605130165630e+02 -1.000000000000000000e+00
3.000375201343021558e+01 -2.351013567732224203e+02 -1.000000000000000000e+00
4.220071304940589130e+01 -1.893078054526229153e+02 -1.000000000000000000e+00
-2.981285540644233834e+01 -1.174174390096468983e+02 -1.000000000000000000e+00
-1.610155011771368549e+01 9.567628677065260945e+01 1.000000000000000000e+00
-6.424115556057776644e+01 -2.910466438606341626e+02 -1.000000000000000000e+00
8.834107708808710413e+01 -3.959742272767941529e+01 -1.000000000000000000e+00
-7.660633499185753692e+01 -2.229275527172072771e+02 -1.000000000000000000e+00
3.875233425038123869e+01 4.259534195561774936e+02 1.000000000000000000e+00
6.569556234723816601e+01 -6.751515201417109324e+01 -1.000000000000000000e+00
6.074232258350065194e+01 1.148479651310989453e+02 1.000000000000000000e+00
5.248156365124083322e+01 2.970265593482989743e+02 1.000000000000000000e+00
9.369204043044533137e+01 -1.132294773066026892e+02 -1.000000000000000000e+00
7.046058916243265458e+01 3.841264362510241881e+02 1.000000000000000000e+00
1.720133115733763418e+01 -2.232370688156007077e+02 -1.000000000000000000e+00
4.271445721256452543e+01 -4.568997299266794698e+02 -1.000000000000000000e+00
-8.010752713413297954e+01 -2.127910206280532179e+00 1.000000000000000000e+00
-8.677321664675001500e+01 -2.495127746846507648e+02 -1.000000000000000000e+00
1.088427457993257974e+01 -1.245069411287776262e+02 -1.000000000000000000e+00
8.244305788591850614e+01 4.982681390694501147e+02 1.000000000000000000e+00
-6.422160287078799001e+01 -1.972165883160456872e+02 -1.000000000000000000e+00
4.705477237407123425e+00 -3.660617369878438012e+02 -1.000000000000000000e+00
-9.828372815568799581e+01 3.337431337811202070e+02 1.000000000000000000e+00
2.194688471553183717e+01 4.127233893321163691e+02 1.000000000000000000e+00
-8.963888569220365810e+01 1.255275449998766959e+02 1.000000000000000000e+00
4.638613304547786242e+01 4.296988546515671032e+02 1.000000000000000000e+00
1.705301515272583401e+01 -2.323161103528466640e+02 -1.000000000000000000e+00
-7.991268467747197235e+01 -2.724027725081671747e+02 -1.000000000000000000e+00
-5.188109115376342828e+01 -4.452261411883812912e+02 -1.000000000000000000e+00
-9.165473476488183735e+01 -1.582762677015164741e+02 -1.000000000000000000e+00
-7.173565328324251311e+01 2.955914319229832472e+02 1.000000000000000000e+00
-3.655236380643951577e+01 -5.330512635148038498e+02 -1.000000000000000000e+00
-4.425034416966084905e+01 3.031113221042411965e+01 1.000000000000000000e+00
9.263895938709919164e+01 -3.062636086970587144e+02 -1.000000000000000000e+00
8.882968517114963447e+01 -4.682378625351375945e+01 -1.000000000000000000e+00
-3.084731127720712607e+01 1.410411649514236672e+02 1.000000000000000000e+00
-4.553607876928382581e+01 5.755579726018817865e+01 1.000000000000000000e+00
2.672098006631141232e+01 2.067483873183432479e+02 1.000000000000000000e+00
-3.335850969756235429e+01 -3.437150923155262490e+02 -1.000000000000000000e+00
5.761398491225628504e+01 4.874794304186703471e+02 1.000000000000000000e+00
2.795834657965821179e+01 -1.141559527034488326e+02 -1.000000000000000000e+00
-4.859148478480821609e+01 1.636442485142696910e+02 1.000000000000000000e+00
2.700928011472440460e+01 2.027204514694310546e+02 1.000000000000000000e+00
-1.553594099079245439e+01 4.603847388793325024e+01 1.000000000000000000e+00
2.098119448970825829e+01 2.472244370756507124e+02 1.000000000000000000e+00
9.776905954126664255e+01 2.175554656160725244e+02 1.000000000000000000e+00
5.519166738699766483e+01 5.498579250400266574e+02 1.000000000000000000e+00
-1.438615742824794097e+00 1.512496597033610897e+02 1.000000000000000000e+00
7.020008386379879539e+01 2.524801095818378371e+02 1.000000000000000000e+00
-8.047628486383618451e+01 -3.570885893890285843e+02 -1.000000000000000000e+00
6.456785711027305297e+01 1.268699026288569627e+02 1.000000000000000000e+00
4.562095764776154283e+01 -2.852537454216174240e+01 -1.000000000000000000e+00
5.034297789477798801e+01 -3.669176703486016322e+02 -1.000000000000000000e+00
1.088691399155990780e+00 -3.999528094008725247e+02 -1.000000000000000000e+00
-6.110452495308621224e+00 -1.990461389041770985e+02 -1.000000000000000000e+00
-4.184054700270678495e+01 -3.284451987866739273e+02 -1.000000000000000000e+00
-3.700923213927875821e+01 6.045292304330741473e+01 1.000000000000000000e+00
-7.457117396594519221e+01 9.089986228831268988e+01 1.000000000000000000e+00
5.308296722165792403e+01 -1.048904900029021121e+02 -1.000000000000000000e+00
-1.732735620845993196e+01 -3.925593811678587599e+02 -1.000000000000000000e+00
-3.568186245701252801e+01 8.271342369280793605e+01 1.000000000000000000e+00
-7.223301205308179362e+01 3.688658678147950809e+01 1.000000000000000000e+00
7.393555156763363811e+01 -6.019269884059869469e+01 -1.000000000000000000e+00
9.197333662879842109e+01 4.143999942442491147e+02 1.000000000000000000e+00
-3.089948812406862544e+01 -4.661336678112560890e+02 -1.000000000000000000e+00
9.719708220094116768e+01 -1.760564818194750387e+02 -1.000000000000000000e+00
-5.530252727584277039e+01 -4.703741910699185951e+02 -1.000000000000000000e+00
-2.274151035543559374e+01 -9.063186778665991028e+01 -1.000000000000000000e+00
1.104322936145749168e+01 -1.512109847791201673e+02 -1.000000000000000000e+00
9.178910618800540533e+01 3.266451439658433173e+02 1.000000000000000000e+00
-3.667581770117644879e+01 3.661209431890257520e+02 1.000000000000000000e+00
8.087741106479376185e+01 3.435457812764657888e+02 1.000000000000000000e+00
-8.174040936794852996e+00 3.022932590186652533e+02 1.000000000000000000e+00
2.230304521415591523e+01 -3.837810797355496675e+02 -1.000000000000000000e+00
2.953681389695864823e+01 -1.257378880468437785e+02 -1.000000000000000000e+00
-5.520259800460334532e+01 -5.270326083372276571e+02 -1.000000000000000000e+00
9.025467273005290281e+01 3.476143982311897389e+02 1.000000000000000000e+00
-4.806702555545210487e+01 -4.470483134452010745e+02 -1.000000000000000000e+00
8.396226514236036564e+01 -3.658079283759413443e+02 -1.000000000000000000e+00
-2.540261399351173566e+01 -7.661287888401525947e+01 -1.000000000000000000e+00
5.915843220756957521e+01 5.208252140615558119e+02 1.000000000000000000e+00
8.294878638901872137e+01 5.140583612173231813e+02 1.000000000000000000e+00
1.329921974184662758e+01 -4.147468465145558980e+02 -1.000000000000000000e+00
-8.715760160926160438e+01 -1.684355698761793576e+02 -1.000000000000000000e+00
-6.896826972257966304e+01 -3.233642447697681632e+02 -1.000000000000000000e+00
-8.129742209215183379e+01 3.106538633821634221e+02 1.000000000000000000e+00
8.731184298725420945e+01 5.795739667469854339e+02 1.000000000000000000e+00
3.370214141285671872e+01 -2.006232717493357427e+02 -1.000000000000000000e+00
-3.752560400407644892e+01 -5.026702717125628510e+02 -1.000000000000000000e+00
-6.536563575365504164e+01 -3.176498897736626077e+02 -1.000000000000000000e+00
9.727837419121371454e+01 -2.351670357730037892e+02 -1.000000000000000000e+00
-4.002866310044510811e+01 -1.505131641913266947e+02 -1.000000000000000000e+00
9.038709138830770939e+01 2.503617396406628757e+02 1.000000000000000000e+00
1.143432375414614910e+01 -9.237075634056178330e+01 -1.000000000000000000e+00
-3.071577548673008096e+01 -3.915720921797922642e+02 -1.000000000000000000e+00
-8.317175483519886825e+01 -2.419380084055549389e+02 -1.000000000000000000e+00
-7.052968642619896400e+01 -1.591024689212363228e+02 -1.000000000000000000e+00
-7.197774042877060197e+01 -2.944105488941924023e+02 -1.000000000000000000e+00
-8.448560466614756592e+01 -4.926908631456667536e+02 -1.000000000000000000e+00
-1.335088931906085463e+01 4.592397709540346682e+02 1.000000000000000000e+00
2.079284727477927674e+01 3.429811663837894002e+02 1.000000000000000000e+00
2.519515158525081233e+01 2.781272627610251220e+02 1.000000000000000000e+00
-4.914480197781141158e+01 -4.638717519309777231e+02 -1.000000000000000000e+00
2.559907181666261522e+00 4.271198685957949692e+02 1.000000000000000000e+00
5.856743824308728108e+01 5.519422233231096016e+02 1.000000000000000000e+00
1.564990128037607064e+00 3.884781314711403297e+02 1.000000000000000000e+00
5.637494530100545376e+01 2.468465916328424044e+02 1.000000000000000000e+00
6.985056189977299823e+01 -3.022921778610028696e+02 -1.000000000000000000e+00
-3.155276576070522765e+01 4.243565377690425748e+02 1.000000000000000000e+00
-2.318176515195276011e+00 4.401699517183197941e+02 1.000000000000000000e+00
-9.170767608995532783e+00 6.263858823745201221e+01 1.000000000000000000e+00
-2.982425869280721997e+01 4.352549941259467801e+02 1.000000000000000000e+00
-9.058043446642463437e+01 -3.881518042420821075e+02 -1.000000000000000000e+00
4.249561910045926538e+01 5.126258881112405561e+02 1.000000000000000000e+00
-9.465255293731490838e+01 -5.765173961067880555e+02 -1.000000000000000000e+00
-7.234194936423421041e+01 -4.818814955702644625e+02 -1.000000000000000000e+00
9.268734753632725187e+01 2.448462727637221406e+02 1.000000000000000000e+00
-4.138167676397013395e+01 2.224411740320529702e+02 1.000000000000000000e+00
3.428837124170905781e+01 3.595194882978908026e+02 1.000000000000000000e+00
-4.378993274135238778e+01 -4.835743730993857525e+02 -1.000000000000000000e+00
8.991205266662299778e+01 -1.877952155080857040e+02 -1.000000000000000000e+00
2.779130007361834487e+01 1.169638600237214092e+02 1.000000000000000000e+00
-5.871507469573802496e+01 2.276387442645961698e+02 1.000000000000000000e+00
3.852632325964481197e+01 -3.676565017384050407e+02 -1.000000000000000000e+00
4.120373724201826349e+00 -1.077969270562091566e+02 -1.000000000000000000e+00
-9.132483161696474383e+01 -1.196350589717960133e+01 1.000000000000000000e+00
9.587236245495648745e+01 2.714525608551130631e+01 -1.000000000000000000e+00
1.889402665746303001e+00 2.058898667007375707e+02 1.000000000000000000e+00
-7.928120107859089671e+01 2.816018985426966310e+02 1.000000000000000000e+00
3.814237010690092688e+01 2.969095382371557434e+02 1.000000000000000000e+00
8.551471955911716805e+01 2.448791409670275243e+02 1.000000000000000000e+00
7.945631635682980232e+01 1.709172836495934433e+01 -1.000000000000000000e+00
2.027547052633573799e+01 1.047590463025027674e+02 1.000000000000000000e+00
1.060300081516831483e+01 -2.737579833785380288e+02 -1.000000000000000000e+00
5.856086315158214006e+01 -2.142510084833477038e+02 -1.000000000000000000e+00
6.748165238889785655e+01 2.049216944904419506e+02 1.000000000000000000e+00
-7.335343392959606490e+01 -1.263343169347838710e+02 -1.000000000000000000e+00
-3.841142718040924109e+01 2.786263316205325964e+02 1.000000000000000000e+00
3.965756880201126933e+01 4.524434350326388312e+02 1.000000000000000000e+00
6.848203058706639013e+01 -6.218706642644275462e+01 -1.000000000000000000e+00
-8.485520387095222361e+01 3.231214696079629789e+02 1.000000000000000000e+00
-6.789866840543103876e+01 -3.085013128165365970e+02 -1.000000000000000000e+00
3.881696917257849577e+01 -9.885958790760378179e+01 -1.000000000000000000e+00
4.224224905061828395e+01 9.619501803447418808e+01 1.000000000000000000e+00
-7.436941096734801704e+01 2.684578374696988021e+02 1.000000000000000000e+00
-2.921743267610447958e+01 -3.931179450423086905e+02 -1.000000000000000000e+00
1.009147263796862148e+00 8.614796400734432780e+01 1.000000000000000000e+00
-7.216141926319643574e+01 -3.564750331050024670e+02 -1.000000000000000000e+00
-4.803588665067552910e+01 -4.384845660571799613e+02 -1.000000000000000000e+00
-9.957104194068450909e+01 -4.839075746753335352e+02 -1.000000000000000000e+00
8.298126298278816648e+00 -7.863787032563564594e+01 -1.000000000000000000e+00
3.477662825678805802e+00 4.650129479525858187e+02 1.000000000000000000e+00
-1.143857380212409680e+00 3.845295432712523507e+02 1.000000000000000000e+00
4.325557594426331320e+01 -1.022332835219669676e+02 -1.000000000000000000e+00
9.126249754148801685e+00 2.461469487963089477e+02 1.000000000000000000e+00
8.637910071813092827e+01 -1.375008988431147827e+00 -1.000000000000000000e+00
-7.364256799949654919e+01 -2.276088364796236760e+02 -1.000000000000000000e+00
6.933076121916997181e+01 3.336263824894316485e+02 1.000000000000000000e+00
4.526303879954645026e+01 -1.753597353578321645e+02 -1.000000000000000000e+00
3.260501480145791220e+01 -7.444274170054819706e+01 -1.000000000000000000e+00
3.171974113686687247e+00 4.952107461175016851e+02 1.000000000000000000e+00
7.053658943401151760e+01 -1.796576880818679172e+02 -1.000000000000000000e+00
-9.161398651050156161e+01 1.401631540463103534e+02 1.000000000000000000e+00
7.402468052380825725e+00 -1.170260931896756347e+02 -1.000000000000000000e+00
-7.935545826292249671e+01 -5.380352974254810761e+02 -1.000000000000000000e+00
-9.619030576274440136e+00 -7.930878497118531811e+01 -1.000000000000000000e+00
7.581730755855502935e+00 1.330530886583527490e+02 1.000000000000000000e+00
-8.947161278240218962e+01 9.463135193946413892e+01 1.000000000000000000e+00
-3.139486954671677665e+01 -1.152065284357690160e+02 -1.000000000000000000e+00
-7.324802010104916405e+01 3.668662651814438505e+02 1.000000000000000000e+00
4.833795413369693961e+01 -1.113604193384111340e+02 -1.000000000000000000e+00
8.558033394802265548e+01 1.924083657805823862e+02 1.000000000000000000e+00
-8.264145955299639468e+01 1.372928580163248569e+02 1.000000000000000000e+00
5.305854922572504506e+01 -2.667778571707224273e+02 -1.000000000000000000e+00
6.665753549143991563e+01 -1.330108168997986695e+01 -1.000000000000000000e+00
-5.774864583092018933e+01 -2.816859855093970850e+02 -1.000000000000000000e+00
-7.928257493848278159e+01 3.875435392215314323e+01 1.000000000000000000e+00
-9.953654056059579602e+01 8.288132379997540511e+01 1.000000000000000000e+00
8.422600817312425647e+01 1.628537751644813056e+02 1.000000000000000000e+00
7.152249969812137920e+01 -1.396673767379822095e+01 -1.000000000000000000e+00
5.306683227697834582e+01 -3.631518540459765632e+02 -1.000000000000000000e+00
-1.019955718735756989e+01 2.553255088500987426e+02 1.000000000000000000e+00
-3.248496595804392939e+01 -1.523018345103126876e+02 -1.000000000000000000e+00
7.851543485004725653e+01 2.168510494014718688e+02 1.000000000000000000e+00
-3.195259769836869168e+01 -3.489998007568320872e+02 -1.000000000000000000e+00
-6.170156287084333968e+01 -3.294398052017551777e+02 -1.000000000000000000e+00
-1.865113580816657191e+01 3.770433991553710484e+02 1.000000000000000000e+00
4.274920933143155821e+01 5.199773221859438763e+02 1.000000000000000000e+00
-2.935235908956104822e+01 -5.065610234856641227e+02 -1.000000000000000000e+00
1.576020903472605994e+01 -1.669729567942198969e+02 -1.000000000000000000e+00
5.745330148806289117e+00 6.262936403558416032e+01 1.000000000000000000e+00
8.189702916085568063e+01 -2.727720741496787014e+02 -1.000000000000000000e+00
1.464111914442088391e+01 -3.614523754849482202e+02 -1.000000000000000000e+00
4.442036511943902610e+01 -3.806773637074250018e+02 -1.000000000000000000e+00
5.842588193914050976e+01 3.669055688321844855e+02 1.000000000000000000e+00
8.689605457298108604e+01 3.559889203418236434e+02 1.000000000000000000e+00
-5.745880643964562751e+01 3.662468465158527238e+02 1.000000000000000000e+00
-8.192016838832950043e+01 2.504712246205633619e+01 1.000000000000000000e+00
3.768718559533567714e+01 -1.412911780334066805e+02 -1.000000000000000000e+00
-3.060555882179285447e+01 2.708959238770322031e+02 1.000000000000000000e+00
-5.381784343903886025e+01 2.011430311281761476e+02 1.000000000000000000e+00
7.295194714913861844e+01 -2.317504181732011830e+02 -1.000000000000000000e+00
6.131400103207255370e+01 -2.023077548226307272e+02 -1.000000000000000000e+00
-6.241189216552629659e+01 9.675171640712414955e+01 1.000000000000000000e+00
-7.685050557499181423e+01 -2.461642058423755088e+02 -1.000000000000000000e+00
-8.190000191624639569e+01 -2.327292295387383376e+02 -1.000000000000000000e+00
-2.563824044939823921e+01 3.885963617598923747e+01 1.000000000000000000e+00
4.013878119207993223e+01 1.752592382960929740e+02 1.000000000000000000e+00
6.608597093233973396e+01 5.543572401807934966e+02 1.000000000000000000e+00
8.783015981928426186e+01 1.621876730987294479e+02 1.000000000000000000e+00
1.740633515273977139e+01 4.509370612715589459e+02 1.000000000000000000e+00
2.997041681449991302e+01 -2.615686958393667965e+02 -1.000000000000000000e+00
-1.787867038209738269e+01 1.494463524088668009e+02 1.000000000000000000e+00
3.980018067522473757e+01 -3.205596689112770150e+02 -1.000000000000000000e+00
1.439730907001035121e+01 -3.635916701065568759e+02 -1.000000000000000000e+00
7.924204361519954887e+01 -1.520001322856550985e+02 -1.000000000000000000e+00
2.933725612591621257e+01 -2.065201527483844188e+02 -1.000000000000000000e+00
3.729903846878133322e+01 3.690451689702607609e+02 1.000000000000000000e+00
1.526825412678482508e+01 4.998029777815035573e+02 1.000000000000000000e+00
6.592152905522908668e+01 4.080145609955480381e+02 1.000000000000000000e+00
8.044004787825133462e+01 -1.087604725184461643e+02 -1.000000000000000000e+00
-3.469407747830852884e+01 8.196076037665613967e+01 1.000000000000000000e+00
-4.762647920722176309e+01 -4.627277712129181282e+02 -1.000000000000000000e+00
-4.032547130610877417e+01 2.692425231211041137e+02 1.000000000000000000e+00
-1.217122690016682895e+01 -1.491911167640980409e+02 -1.000000000000000000e+00
1.703004851652978857e+01 -3.759272032090876223e+02 -1.000000000000000000e+00
-5.918098618032947655e+01 -4.562649167881040739e+02 -1.000000000000000000e+00
2.962846184854853959e+01 -1.510267269178478671e+02 -1.000000000000000000e+00
-4.289116617223598382e+00 1.441096833730000526e+02 1.000000000000000000e+00
-4.890179918466191111e+01 -2.177082888188336938e+02 -1.000000000000000000e+00
2.160904837589352212e+01 8.435447069742167514e+01 1.000000000000000000e+00
-8.943602336540838849e+01 5.478532834623602810e+01 1.000000000000000000e+00
-3.314751370050463208e+01 -3.236839707547220542e+02 -1.000000000000000000e+00
-2.168873744035764162e+00 2.927651847490527075e+02 1.000000000000000000e+00
-9.026270514167310921e+01 2.568851800907540337e+02 1.000000000000000000e+00
3.026648166382901195e+01 4.811697988953084177e+02 1.000000000000000000e+00
-6.940252220950202400e+01 3.918976718221416888e+01 1.000000000000000000e+00
4.095124406907092407e+01 -4.376508321013370733e+02 -1.000000000000000000e+00
-7.063220192987336077e+01 1.381079395407898573e+02 1.000000000000000000e+00
1.610590031452802862e+01 2.851507435588295607e+02 1.000000000000000000e+00
5.345002541318172007e+01 -3.629205447787425101e+02 -1.000000000000000000e+00
-1.623389233234749440e+01 3.385304778560356453e+02 1.000000000000000000e+00
-3.109861143747900769e+01 -4.946478469208426532e+02 -1.000000000000000000e+00
-9.612585305420309112e+01 -2.464333421935284036e+02 -1.000000000000000000e+00
-5.308621790075476099e+01 2.061633359004480894e+02 1.000000000000000000e+00
-3.723038696263920855e+01 -4.101775589839006670e+02 -1.000000000000000000e+00
2.868762099065830284e+01 -3.665901672215437657e+02 -1.000000000000000000e+00
9.591946103900755816e+01 2.032083787168455160e+02 1.000000000000000000e+00
-3.224491280560566508e+01 3.963234873172627886e+02 1.000000000000000000e+00
5.428934789729876798e+01 -3.733563124762040388e+02 -1.000000000000000000e+00
-8.266827821416865163e+01 -4.605496772524769540e+02 -1.000000000000000000e+00
-4.282581925044943461e+01 3.954776179687913213e+02 1.000000000000000000e+00
5.239235484579194235e+01 -9.500804305933371552e+01 -1.000000000000000000e+00
1.590064987385363793e+01 -3.228581904006678656e+02 -1.000000000000000000e+00
-9.748702237939485826e+01 3.996737363120074633e+02 1.000000000000000000e+00
-7.154395939201270949e+01 4.252943403545455681e+02 1.000000000000000000e+00
2.364744200052616918e+01 -2.296756921769676865e+02 -1.000000000000000000e+00
7.758410566829667232e+01 4.539591081420369960e+02 1.000000000000000000e+00
7.880361794385993335e+01 5.505294096483178237e+02 1.000000000000000000e+00
8.688893597028578597e+01 3.313775402388579323e+02 1.000000000000000000e+00
4.102962603384267481e+01 3.050630294759538401e+02 1.000000000000000000e+00
6.089261121277317557e+00 3.357957399653118955e+02 1.000000000000000000e+00
7.323415688969453186e+01 -6.233255088171512170e+01 -1.000000000000000000e+00
-6.582517234442335052e+01 3.441935549308338977e+02 1.000000000000000000e+00
3.908330540261516717e+01 3.193145408549120816e+02 1.000000000000000000e+00
1.934485474109524716e+01 3.943492620898335872e+02 1.000000000000000000e+00
-7.172264942830557288e+01 -2.983913259158906612e+02 -1.000000000000000000e+00
8.652401982499816313e+01 3.799755080110763856e+02 1.000000000000000000e+00
-5.916056384709867189e+01 -4.318481175613526943e+02 -1.000000000000000000e+00
-2.665315523178190915e+01 -5.150410917398005495e+02 -1.000000000000000000e+00
-1.490743710259742727e+01 -2.572050715121380904e+02 -1.000000000000000000e+00
6.650342350250133450e+01 3.174156934749204311e+02 1.000000000000000000e+00
-4.136335780114291083e+01 1.517782152180886612e+02 1.000000000000000000e+00
1.792818257370034019e+01 -3.568529651806549055e+02 -1.000000000000000000e+00
6.484603624560853063e+01 -9.637044515441380099e+01 -1.000000000000000000e+00
1.742811847533054959e+01 -1.243209466642789636e+02 -1.000000000000000000e+00
5.868339695073814255e+00 -4.699755289787609058e+02 -1.000000000000000000e+00
9.235487590737363917e+01 -7.172578343886914354e+01 -1.000000000000000000e+00
7.065418610567968472e+01 1.951767331982479163e+02 1.000000000000000000e+00
2.208297032007560290e+01 4.833310901866564677e+02 1.000000000000000000e+00
4.909188463610172448e+01 4.449881422669188282e+02 1.000000000000000000e+00
9.899322629406961482e+01 3.019164642528656373e+01 -1.000000000000000000e+00
-8.518262402920915122e+01 1.906014269747693106e+02 1.000000000000000000e+00
-2.347622751256004392e+01 -4.743885068102959508e+02 -1.000000000000000000e+00
-5.939804863270652646e+01 1.956885002615316296e+02 1.000000000000000000e+00
1.398100062768904195e+00 2.097296633077908723e+02 1.000000000000000000e+00
8.000140622976138616e+01 -2.126500798313644793e+02 -1.000000000000000000e+00
4.687800756643974864e+01 -1.445459274633259099e+02 -1.000000000000000000e+00
-1.553587725993456559e+01 3.961794463368983088e+01 1.000000000000000000e+00
-3.153986030151709485e+01 2.140289262460977397e+02 1.000000000000000000e+00
-6.496632161456665244e+01 -4.076121363436590173e+02 -1.000000000000000000e+00
-3.757000059907704781e+01 -1.311401047061641520e+02 -1.000000000000000000e+00
-6.411758969403358321e+01 -3.648778589599257316e+02 -1.000000000000000000e+00
-8.879428979748095685e+01 -3.209448029744862652e+02 -1.000000000000000000e+00
-7.716816875708542511e+01 -3.996704243684765174e+02 -1.000000000000000000e+00
5.715865828195342147e+01 -3.928434475589357362e+02 -1.000000000000000000e+00
-7.384889168328759013e+01 2.042742502244984166e+02 1.000000000000000000e+00
4.942810522354457703e+01 -1.868364929341629193e+02 -1.000000000000000000e+00
6.782897238504844495e+01 -4.269035022944486855e+02 -1.000000000000000000e+00
-3.255757010953099950e+01 -5.118913598735313712e+02 -1.000000000000000000e+00
3.625210629389974315e+01 1.308835132689181933e+02 1.000000000000000000e+00
-4.325855041953576574e+01 -4.339260652432241727e+02 -1.000000000000000000e+00
5.741626831653783825e+01 1.877206467620762567e+02 1.000000000000000000e+00
1.365033997489352657e+01 4.154336822579393242e+02 1.000000000000000000e+00
-6.626004626623374349e+01 -1.834410748918585341e+02 -1.000000000000000000e+00
-2.912078290880508291e+01 -4.264479566289429613e+02 -1.000000000000000000e+00
1.780204370932466418e+00 -3.973186044230360494e+02 -1.000000000000000000e+00
3.067192863851380480e+01 2.944627844012678111e+02 1.000000000000000000e+00
-4.461644520670120784e+01 1.175140306463107152e+02 1.000000000000000000e+00
-9.903727382659255341e+01 1.291840480220047027e+02 1.000000000000000000e+00
1.511789194162558658e+01 4.627211329205139805e+02 1.000000000000000000e+00
-7.452168590407816851e+01 -3.352023724375419533e+02 -1.000000000000000000e+00
-9.240864041870173651e+01 -4.944487956591801776e+02 -1.000000000000000000e+00
4.674872249567511062e+01 3.622698837242734271e+02 1.000000000000000000e+00
-6.599184563687343541e+01 -4.569610103378106487e+02 -1.000000000000000000e+00
6.986330117407106854e+01 -1.065739751228495606e+02 -1.000000000000000000e+00
-4.913850960533159196e+01 -2.509077941179216396e+02 -1.000000000000000000e+00
-3.891940093714310223e+01 2.307573389496942582e+02 1.000000000000000000e+00
6.832872217696282746e+01 -3.080892381590248874e+01 -1.000000000000000000e+00
-6.725663531372372006e+01 3.782418294699437524e+02 1.000000000000000000e+00
-4.489625641182342264e+01 9.609601382639166900e+01 1.000000000000000000e+00
-9.840134219047386921e+01 -3.511608860095805653e+02 -1.000000000000000000e+00
4.050787669697197657e+01 -3.992431407959574585e+01 -1.000000000000000000e+00
4.906172296675342182e+01 4.658399254558132725e+02 1.000000000000000000e+00
6.122863202265136806e+01 -2.388507845067974813e+02 -1.000000000000000000e+00
-9.624599384215795794e+01 4.414548308786595499e+01 1.000000000000000000e+00
6.993081722496810926e+01 1.315850415658857173e+02 1.000000000000000000e+00
-5.563314244113779239e+01 2.668305009304348232e+02 1.000000000000000000e+00
-5.195731436099458023e+01 2.339290532999328889e+02 1.000000000000000000e+00
-9.240687624193384408e+01 2.812539988787855805e+02 1.000000000000000000e+00
4.030131611709265371e+01 -1.557597712833285755e+02 -1.000000000000000000e+00
-7.046113379838693902e+01 3.320586841384790091e+02 1.000000000000000000e+00
-3.428481538814966711e+01 2.824973245463608009e+02 1.000000000000000000e+00
6.871671617622402550e+01 1.602084204672185876e+02 1.000000000000000000e+00
1.151498192802250742e+00 -1.457395776593284893e+02 -1.000000000000000000e+00
-9.020124619423370405e+00 -4.569778842157190297e+02 -1.000000000000000000e+00
5.336384912984959783e+01 4.798359967643704636e+02 1.000000000000000000e+00
-3.243109698186566447e+01 -1.576516835963357721e+02 -1.000000000000000000e+00
-8.813979714930945875e+01 2.021445975802532189e+02 1.000000000000000000e+00
9.136121174997094840e+01 5.731453539932659851e+02 1.000000000000000000e+00
-6.657515765842319411e+01 -2.813945394039007510e+02 -1.000000000000000000e+00
-6.278899305535732367e+01 2.222118383730029336e+02 1.000000000000000000e+00
-4.243181375679058931e+01 -2.494058308284398890e+02 -1.000000000000000000e+00
-4.964722822327554042e+01 9.156638955917904354e+01 1.000000000000000000e+00
8.892766956845773052e+01 3.181748426220692636e+02 1.000000000000000000e+00
-8.535713399464381723e+01 2.700448871581634194e+02 1.000000000000000000e+00
4.140492607994357854e+01 -2.812150612873599584e+02 -1.000000000000000000e+00
8.954780422312433075e+01 -3.995245491058872744e+02 -1.000000000000000000e+00
-1.968056788643197308e+01 2.503941763484698413e+02 1.000000000000000000e+00
-8.230217656894112110e+01 -2.818765146434757298e+02 -1.000000000000000000e+00
8.227574189630502133e+01 -1.505770247936942496e+01 -1.000000000000000000e+00
6.774291749019195663e+01 -1.824417067984725804e+01 -1.000000000000000000e+00
-4.183198625010064120e+00 4.445352236216828032e+02 1.000000000000000000e+00
-9.503349042649902856e+01 -4.514525667790599641e+02 -1.000000000000000000e+00
-1.842752551500865366e+00 3.555570881589777628e+02 1.000000000000000000e+00
-5.295364944188030165e+01 1.777275977263676623e+02 1.000000000000000000e+00
-3.152323061617816791e+01 3.080453311771950666e+02 1.000000000000000000e+00
-8.512120647090299030e+00 -3.275708178617619524e+02 -1.000000000000000000e+00
5.941833859683296737e+01 2.128850663612140011e+02 1.000000000000000000e+00
7.561275415073916406e+01 1.596613614368163780e+02 1.000000000000000000e+00
-2.287212171029000274e+01 9.325328646683898626e+01 1.000000000000000000e+00
-9.759510145062999698e+01 1.501949402223189622e+00 1.000000000000000000e+00
8.319344212091641566e+01 2.328783663253220766e+02 1.000000000000000000e+00
2.406587188143937794e+01 -4.560165818303378842e+02 -1.000000000000000000e+00
5.930472765197313834e+01 3.671887390507895361e+02 1.000000000000000000e+00
-1.674176009316812497e+01 4.276669470562046627e+02 1.000000000000000000e+00
9.301548734959658304e+01 -9.992117388397977606e+01 -1.000000000000000000e+00
-6.010785808916223516e+01 -3.584368205044723368e+02 -1.000000000000000000e+00
2.950570005387649530e+01 2.186129390481244741e+02 1.000000000000000000e+00
-1.209104553970476559e+00 -5.432294205281551314e+01 -1.000000000000000000e+00
-5.539424527008476673e+01 3.204407054165052955e+02 1.000000000000000000e+00
9.355321378015182177e+01 1.528898802832708839e+02 1.000000000000000000e+00
4.455264293761226213e+01 4.023813967809221595e+02 1.000000000000000000e+00
2.360979913129055774e+01 -2.173378084662423362e+02 -1.000000000000000000e+00
-9.803858939073735712e+01 2.268253648818883335e+02 1.000000000000000000e+00
1.435421217851956044e+01 -2.232975408906354460e+02 -1.000000000000000000e+00
6.812919701259622229e+01 3.302785974466198695e+02 1.000000000000000000e+00
8.108801185637815934e+01 -1.050330700783707982e+02 -1.000000000000000000e+00
-4.872583643631364936e+01 -3.788577097730679952e+02 -1.000000000000000000e+00
7.234775531884324096e+01 2.594784806402809636e+02 1.000000000000000000e+00
7.980579185105187889e+01 3.467260189181185410e+02 1.000000000000000000e+00
8.122261593531024459e+01 3.996789356577808121e+02 1.000000000000000000e+00
-4.524600912397976060e+01 -2.520465347721296325e+02 -1.000000000000000000e+00
6.250732034116438740e+00 -3.455708271003541654e+02 -1.000000000000000000e+00
-4.437848861459741556e+00 2.965123989023028344e+02 1.000000000000000000e+00
8.039274612401862896e+01 1.913639110669512036e+02 1.000000000000000000e+00
5.549614298295566073e+00 -2.592959270670465344e+02 -1.000000000000000000e+00
-4.371852227918415679e+01 2.096454476268904443e+02 1.000000000000000000e+00
9.511905861751074553e+00 1.746314923629356599e+02 1.000000000000000000e+00
7.142869190321403039e+01 1.518873303611862866e+02 1.000000000000000000e+00
8.848625686697303649e+00 1.232706533542313423e+02 1.000000000000000000e+00
-4.926026568579106879e+01 3.826794798509371844e+02 1.000000000000000000e+00
1.045635290807082640e+01 -2.122581985568146479e+02 -1.000000000000000000e+00
6.142657168155020031e+01 4.000764220364569610e+02 1.000000000000000000e+00
8.801061590886303065e+01 4.027558846885335129e+02 1.000000000000000000e+00
-6.758304431906745435e+01 -2.253150595851570017e+02 -1.000000000000000000e+00
5.192401005835711203e+01 3.220996389762607919e+02 1.000000000000000000e+00
5.194381579820975503e+01 2.367950662811925042e+02 1.000000000000000000e+00
3.765189600837871353e+00 -3.313868082024872024e+02 -1.000000000000000000e+00
-4.896872962855680811e+01 -3.642575176258351348e+02 -1.000000000000000000e+00
-9.007208589485517791e+01 4.781110313283218716e+01 1.000000000000000000e+00
5.599710737452519993e+01 -4.022286693781342137e+02 -1.000000000000000000e+00
3.706456152610715549e+01 2.338825416336062517e+02 1.000000000000000000e+00
-8.104060055215825287e+00 7.148615759316929541e+01 1.000000000000000000e+00
8.507863051698038248e+01 5.386874379700836926e+02 1.000000000000000000e+00
1.177165225875044996e+01 -2.271383920927429472e+02 -1.000000000000000000e+00
-6.876368446412577384e+01 2.437982743392403222e+02 1.000000000000000000e+00
9.407272448352415495e+00 -2.136608198768999785e+02 -1.000000000000000000e+00
-1.825728723037438783e+01 -1.003652593495737335e+02 -1.000000000000000000e+00
4.542155785735363338e+01 5.070526329339929816e+02 1.000000000000000000e+00
4.318037236145841007e+01 -3.802587508838138888e+02 -1.000000000000000000e+00
-1.490433442857089119e+01 1.547944345406469324e+02 1.000000000000000000e+00
-7.715283629927526476e+01 -3.040437095808417780e+02 -1.000000000000000000e+00
-1.158669258599948648e+01 1.168277479939181092e+02 1.000000000000000000e+00
-9.348668980661096839e+01 3.403904371385543470e+01 1.000000000000000000e+00
-6.473370001898396708e+01 -5.607741785942541810e+02 -1.000000000000000000e+00
-8.530581321217212576e+01 3.902438613531895726e+02 1.000000000000000000e+00
8.610196293665239864e+00 3.624625810494607094e+02 1.000000000000000000e+00
-1.337345283271349672e+01 2.415181517331267003e+02 1.000000000000000000e+00
7.862213726653288859e+01 -3.684684615739577112e+02 -1.000000000000000000e+00
4.428265982206147555e+01 3.594267977096521918e+02 1.000000000000000000e+00
4.255748637205701357e+01 4.020404206610990059e+02 1.000000000000000000e+00
6.317234333135965585e+01 -2.907386802560694150e+00 -1.000000000000000000e+00
-3.811684497025694895e+00 4.237416800830248462e+02 1.000000000000000000e+00
8.675467980935326295e+01 1.800921806096858404e+02 1.000000000000000000e+00
-9.929318788500134474e+01 3.954354625507094170e+02 1.000000000000000000e+00
-2.875813379931267377e+01 -2.573244682831020782e+02 -1.000000000000000000e+00
5.186241640949839393e+01 -4.180526564265289267e+02 -1.000000000000000000e+00
-5.855515081738801086e+00 -4.313328226217960832e+02 -1.000000000000000000e+00
1.406116271948856422e+01 3.365866162918740088e+02 1.000000000000000000e+00
-8.605880422816088071e+01 -3.456730889342409228e+02 -1.000000000000000000e+00
2.951888407938932346e+01 2.421894344822284779e+02 1.000000000000000000e+00
6.566679094799434324e+01 -5.779221404498152026e+01 -1.000000000000000000e+00
2.343191476964004494e+01 -2.285024718368215986e+02 -1.000000000000000000e+00
3.162133320468726083e+01 2.920635077394945256e+02 1.000000000000000000e+00
2.013016852286033043e+01 1.011536596591686532e+02 1.000000000000000000e+00
7.125430634546140141e+01 -1.890796322146206023e+02 -1.000000000000000000e+00
-7.986259790869469555e+01 4.069456088513219356e+02 1.000000000000000000e+00
-6.584490219300774072e+01 3.137753971141018496e+02 1.000000000000000000e+00
-4.502450945488705258e+01 2.778882898250294602e+02 1.000000000000000000e+00
-6.163768183522408606e+01 -2.999465152738400207e+02 -1.000000000000000000e+00
2.146780851009282287e+00 1.499749721104037121e+02 1.000000000000000000e+00
7.136929331085434569e+01 -3.937960945160907613e+02 -1.000000000000000000e+00
9.910169656081131961e+01 3.054460649060790445e+01 -1.000000000000000000e+00
-4.548659476439438265e+01 -2.834114068427104485e+02 -1.000000000000000000e+00
-4.378720391588038297e+01 -5.384971544878519580e+02 -1.000000000000000000e+00
-2.126284273142320558e+01 -3.596525771094729862e+02 -1.000000000000000000e+00
-1.356537657977821709e+01 5.356766363854347901e+01 1.000000000000000000e+00
-8.307411833459732975e+01 2.701261187719647978e+02 1.000000000000000000e+00
5.354476348371682093e+01 4.809227307608189221e+02 1.000000000000000000e+00
-3.500119382398364110e+01 4.087641871342217428e+02 1.000000000000000000e+00
4.459288117613846225e+01 4.201960018466857605e+02 1.000000000000000000e+00
3.614751462560087703e+01 3.880579188461184685e+02 1.000000000000000000e+00
-8.874216805556540066e+01 3.529971837710486682e+01 1.000000000000000000e+00
-8.374437085173356365e+01 -1.137920959710173463e+01 1.000000000000000000e+00
-9.327616870725205445e+01 -5.630024959095933355e+02 -1.000000000000000000e+00
-1.385715534771318858e+01 -4.397693766913743048e+02 -1.000000000000000000e+00
4.339218105323308805e+01 3.077658163839448662e+02 1.000000000000000000e+00
-5.271238212681510049e+00 4.012113085401126114e+02 1.000000000000000000e+00
8.317432556919919762e+01 1.385163007427654520e+02 1.000000000000000000e+00
2.940774139546846300e+00 -4.955362666947607977e+02 -1.000000000000000000e+00
-5.399049254540799581e+01 5.128076843202480717e+01 1.000000000000000000e+00
5.834030804637845335e+01 -4.061861299415008375e+01 -1.000000000000000000e+00
6.527100013022851499e+01 2.014918926306344247e+02 1.000000000000000000e+00
-3.048592741896216296e+01 -4.224764189632556963e+02 -1.000000000000000000e+00
-3.627791361290505279e+00 1.723201070473454593e+02 1.000000000000000000e+00
3.892456042909799407e+01 -3.673516919622009027e+02 -1.000000000000000000e+00
-1.932536751677689324e+01 -1.795413314206365953e+02 -1.000000000000000000e+00
9.266015510895152829e+01 3.863927168508717500e+02 1.000000000000000000e+00
-8.187395684625602144e+01 -3.395479024041929392e+02 -1.000000000000000000e+00
2.045946637316637862e+01 4.251841838689476276e+02 1.000000000000000000e+00
7.289542949621684897e+01 -1.956488147743312709e+02 -1.000000000000000000e+00
1.454049357316091573e+01 -1.660922565420959813e+02 -1.000000000000000000e+00
1.561746694243176137e+01 -4.408509435056282655e+02 -1.000000000000000000e+00
5.196322146380069285e+01 -3.802322687004724457e+02 -1.000000000000000000e+00
-1.952941803611962257e+01 2.844509275462685309e+02 1.000000000000000000e+00
-4.556193457997703433e+01 -4.211264255735262623e+02 -1.000000000000000000e+00
-6.963382585036367800e+01 -5.016308012739372657e+02 -1.000000000000000000e+00
-9.573463775723200797e+01 -2.696361279677353195e+02 -1.000000000000000000e+00
2.274745533714003898e+01 -3.925128606104441786e+01 -1.000000000000000000e+00
9.672389168727087849e+01 2.248752886057390583e+02 1.000000000000000000e+00
-7.906582106926138920e+01 4.709502843687076279e+00 1.000000000000000000e+00
9.517232650187062859e+01 3.586633745090505272e+02 1.000000000000000000e+00
-5.236841092021153798e+01 -4.980396127078381596e+02 -1.000000000000000000e+00
-6.173241959860200723e+01 1.013246823438584556e+02 1.000000000000000000e+00
4.244261872406337943e+01 -1.871005896517934559e+02 -1.000000000000000000e+00
4.508061733982196984e+01 -4.460916349788327011e+02 -1.000000000000000000e+00
-6.120993068191567232e+01 -1.766595918335475233e+02 -1.000000000000000000e+00
-8.012045652566747833e+01 -1.932951416822216970e+02 -1.000000000000000000e+00
-6.080188895793992288e+01 -3.987712273108455747e+02 -1.000000000000000000e+00
6.858520263278933271e-01 1.997378902503510005e+02 1.000000000000000000e+00
-8.016005944547650586e+01 4.032628118998217133e+02 1.000000000000000000e+00
-1.533661201983048272e+01 -1.487426759852663736e+02 -1.000000000000000000e+00
-1.809485684596445765e+01 -2.478165307267222488e+02 -1.000000000000000000e+00
-7.126546688475796998e+01 1.363614903523342718e+02 1.000000000000000000e+00
7.083781030149651770e-01 4.927232146816378986e+02 1.000000000000000000e+00
4.296271544204435600e+01 1.427814471373520746e+02 1.000000000000000000e+00
9.827357526081303263e+01 4.209241385332537675e+02 1.000000000000000000e+00
-8.366482035423521779e+01 1.496371203481433838e+02 1.000000000000000000e+00
2.833246303131645050e+00 3.868097690167717246e+02 1.000000000000000000e+00
-3.004510580108387785e+01 -3.710199244011877795e+02 -1.000000000000000000e+00
4.182179106923075551e+01 -3.182126152639987140e+02 -1.000000000000000000e+00
-9.116658864540082163e+01 1.997275309028488266e+01 1.000000000000000000e+00
6.711319553311108166e+01 1.939773600432635305e+02 1.000000000000000000e+00
-6.937114589733852199e+00 -4.260406567054752713e+02 -1.000000000000000000e+00
-9.328842753312855507e+01 2.647839085549682068e+02 1.000000000000000000e+00
-6.543658782962735643e+01 3.761871732689534724e+02 1.000000000000000000e+00
-8.165405892615780203e+00 4.062859841513519541e+02 1.000000000000000000e+00
3.113373469893448942e+01 3.379822479831384499e+02 1.000000000000000000e+00
-2.764793613234435554e+01 3.174004237868302880e+02 1.000000000000000000e+00
3.040214636807681359e+01 9.156127166506875881e+01 1.000000000000000000e+00
7.569936104280574796e+01 5.546442582124622049e+02 1.000000000000000000e+00
-9.157346811964740141e+01 -5.013903164105595351e+02 -1.000000000000000000e+00
-9.299427772969902151e+01 1.581845134736711884e+02 1.000000000000000000e+00
6.802667509011624247e+01 4.730471189264926579e+02 1.000000000000000000e+00
1.187428118529024346e+01 -4.478908673188359444e+02 -1.000000000000000000e+00
-1.651332219111485244e+01 -1.677461319023585133e+02 -1.000000000000000000e+00
-3.223406760728586562e+01 -3.848574712820558830e+02 -1.000000000000000000e+00
-6.293601277487639578e+01 -2.967365134836064158e+02 -1.000000000000000000e+00
-1.112149607240431237e+01 -3.716028715268711267e+02 -1.000000000000000000e+00
-2.625081823507970569e+01 4.496550569464508840e+02 1.000000000000000000e+00
-2.853788433003853697e+01 -3.788209401073683580e+02 -1.000000000000000000e+00
-8.464011257730561510e+01 1.685451616542408715e+02 1.000000000000000000e+00
9.724168577568812566e+01 4.725936868147042560e+02 1.000000000000000000e+00
-4.882328214565818314e+01 2.852254720728832353e+02 1.000000000000000000e+00
3.252951616513630029e+01 -8.513056086020176849e+01 -1.000000000000000000e+00
-1.226792296811814253e+01 -3.225779724576600529e+02 -1.000000000000000000e+00
5.066549873110389512e+01 2.377125538306855219e+02 1.000000000000000000e+00
-7.619282549948317751e+01 -4.309806576676455734e+02 -1.000000000000000000e+00
-9.700969978335014332e+01 3.384495593662225588e+02 1.000000000000000000e+00
2.205306759203347156e+01 2.057900717565720754e+02 1.000000000000000000e+00
-9.372769792280568879e+01 5.655179201026849967e+01 1.000000000000000000e+00
5.583949360102909054e+01 -2.404501289056143207e+02 -1.000000000000000000e+00
-7.190206957006894584e+01 1.484668637716778790e+02 1.000000000000000000e+00
-3.633371207359614630e+01 2.534851263217963435e+01 1.000000000000000000e+00
7.399848904038265118e+01 -1.172763046187870373e+02 -1.000000000000000000e+00
3.374019180333579015e+01 3.619840778476300329e+02 1.000000000000000000e+00
-4.897057809168425990e+01 3.171946801683355943e+02 1.000000000000000000e+00
-3.859069261741066015e+01 3.361160467268302341e+02 1.000000000000000000e+00
4.420291630546265083e+01 -4.219323158581407824e+02 -1.000000000000000000e+00
9.383788345788252627e+01 3.914459572285554714e+02 1.000000000000000000e+00
8.062469464124362162e+00 2.199774807733002149e+02 1.000000000000000000e+00
5.577959245290577428e+01 -2.028028394296927672e+02 -1.000000000000000000e+00
-3.277846944626787717e+00 -3.838010281670685231e+02 -1.000000000000000000e+00
1.434483637792524746e+00 4.801208868758029666e+02 1.000000000000000000e+00
1.244721439366782079e+01 -4.860000553692446488e+02 -1.000000000000000000e+00
